0 0.443250 0.601000 0.045167 0.079000
0 0.389917 0.609750 0.044500 0.071000
0 0.462667 0.373000 0.041667 0.063500
0 0.323833 0.326750 0.047333 0.064000
0 0.358917 0.832375 0.065833 0.094250
0 0.704667 0.645625 0.043333 0.066750
0 0.384250 0.259625 0.037833 0.055250
0 0.397167 0.510250 0.032667 0.056000
0 0.128750 0.972000 0.057833 0.056000
0 0.147667 0.919750 0.063000 0.075000
0 0.180250 0.785125 0.058167 0.075250
0 0.284000 0.312000 0.043333 0.059000
0 0.942917 0.706375 0.052500 0.062750
0 0.597750 0.982625 0.045833 0.034750
0 0.398417 0.894250 0.042167 0.069000
0 0.471000 0.681625 0.025667 0.050250
0 0.430333 0.652500 0.043667 0.059500
0 0.990333 0.620875 0.019333 0.057250
0 0.982333 0.534500 0.035333 0.072000
