0 0.572250 0.817625 0.060833 0.075750
0 0.513917 0.936000 0.049500 0.107500
0 0.539250 0.594750 0.050500 0.062500
0 0.546667 0.355000 0.048333 0.072000
0 0.804500 0.194750 0.034667 0.063000
0 0.960833 0.515500 0.046667 0.057500
0 0.556500 0.958875 0.036667 0.074250
0 0.481750 0.876000 0.029167 0.057000
0 0.822667 0.145000 0.035333 0.061000
0 0.329667 0.531375 0.055333 0.090750
0 0.428917 0.735625 0.041833 0.062750
0 0.643500 0.428375 0.038667 0.059750
0 0.560583 0.422000 0.031833 0.072000
0 0.447833 0.554375 0.027667 0.037750
0 0.350333 0.891375 0.040000 0.065750
0 0.510917 0.545500 0.041833 0.064000
0 0.559833 0.544125 0.032333 0.070750
