1 0.524750 0.178375 0.092167 0.138250
1 0.869750 0.595875 0.090833 0.136250
1 0.883250 0.336625 0.102833 0.154250
0 0.223750 0.690625 0.054167 0.081250
0 0.316750 0.875125 0.033500 0.050250
0 0.375417 0.726125 0.044167 0.066250
0 0.394833 0.760000 0.058667 0.088000
0 0.402750 0.826125 0.046833 0.070250
0 0.476000 0.766250 0.052000 0.078000
0 0.497417 0.778125 0.062833 0.094250
0 0.561417 0.806125 0.050833 0.076250
0 0.641583 0.453625 0.051500 0.077250
0 0.689667 0.428500 0.042000 0.063000
0 0.179083 0.859625 0.050167 0.075250
