1 0.842167 0.787750 0.092333 0.138500
0 0.055083 0.694625 0.063500 0.095250
0 0.278750 0.257125 0.081500 0.122250
0 0.284333 0.166750 0.057000 0.085500
0 0.322083 0.346125 0.118833 0.178250
0 0.342417 0.460625 0.091500 0.137250
0 0.398417 0.345625 0.059500 0.089250
0 0.430083 0.418125 0.084167 0.126250
0 0.475167 0.369500 0.087333 0.131000
0 0.463750 0.297625 0.048833 0.073250
0 0.514417 0.379625 0.104833 0.157250
0 0.550750 0.457125 0.061500 0.092250
0 0.594583 0.366125 0.064167 0.096250
0 0.631667 0.430500 0.068667 0.103000
0 0.640417 0.476625 0.083500 0.125250
0 0.661083 0.605625 0.060833 0.091250
0 0.091417 0.726125 0.054833 0.082250
