1 0.233500 0.746000 0.058667 0.088000
1 0.245083 0.652625 0.060833 0.091250
1 0.344417 0.741875 0.100833 0.151250
1 0.394750 0.315125 0.094833 0.142250
1 0.434750 0.601125 0.124167 0.186250
1 0.484250 0.808125 0.087500 0.131250
1 0.510667 0.433000 0.034667 0.052000
1 0.574417 0.092125 0.095167 0.142750
1 0.583333 0.288000 0.077333 0.116000
1 0.597417 0.589125 0.049500 0.074250
1 0.617083 0.516625 0.047500 0.071250
1 0.712083 0.389125 0.073500 0.110250
1 0.802417 0.806625 0.143500 0.215250
1 0.846083 0.276125 0.085500 0.128250
1 0.900750 0.698125 0.064167 0.096250
1 0.147083 0.487625 0.099500 0.149250
1 0.146833 0.832000 0.076000 0.114000
1 0.154833 0.603750 0.070000 0.105000