1 0.211667 0.300750 0.089667 0.134500
1 0.164500 0.879000 0.078000 0.117000
0 0.394333 0.802500 0.043333 0.065000
0 0.411750 0.684625 0.052833 0.079250
0 0.422417 0.617625 0.056833 0.085250
0 0.417333 0.802250 0.033333 0.050000
0 0.599333 0.469250 0.045333 0.068000
0 0.657667 0.628750 0.099667 0.149500
0 0.642833 0.468000 0.058667 0.088000
0 0.682417 0.925625 0.070167 0.105250
0 0.684667 0.401250 0.044000 0.066000
0 0.729750 0.501625 0.070167 0.105250
0 0.728417 0.366875 0.052833 0.079250
0 0.759750 0.446625 0.060833 0.091250
