1 0.871667 0.890500 0.104333 0.156500
0 0.327667 0.627750 0.058333 0.087500
0 0.334417 0.565625 0.054167 0.081250
0 0.360417 0.929625 0.052833 0.079250
0 0.434083 0.361125 0.084167 0.126250
0 0.512750 0.618125 0.042833 0.064250
0 0.611083 0.438625 0.046167 0.069250
0 0.620083 0.581125 0.058833 0.088250
0 0.624667 0.506000 0.066667 0.100000
0 0.668083 0.566125 0.046833 0.070250
0 0.724667 0.605000 0.077333 0.116000
0 0.716083 0.560125 0.056167 0.084250
0 0.787083 0.646625 0.062167 0.093250
0 0.787500 0.739000 0.056000 0.084000
0 0.795417 0.604125 0.053500 0.080250
0 0.174750 0.768125 0.054833 0.082250
0 0.200417 0.816625 0.072833 0.109250
