1 0.251333 0.339000 0.166667 0.250000
1 0.217083 0.582625 0.046167 0.069250
1 0.292167 0.090750 0.083333 0.125000
1 0.322417 0.543625 0.087500 0.131250
1 0.380083 0.251125 0.056167 0.084250
1 0.462083 0.334125 0.094833 0.142250
1 0.082417 0.799625 0.071500 0.107250
1 0.514750 0.645125 0.069500 0.104250
1 0.105917 0.232625 0.115500 0.173250
1 0.551333 0.269000 0.058667 0.088000
1 0.615750 0.671625 0.146167 0.219250
1 0.601417 0.366125 0.073500 0.110250
1 0.646917 0.253625 0.078167 0.117250
1 0.734750 0.679125 0.097500 0.146250
1 0.724167 0.490000 0.068000 0.102000
1 0.855417 0.893125 0.113500 0.170250
1 0.853750 0.528625 0.059500 0.089250
1 0.874250 0.108125 0.082500 0.123750
1 0.942750 0.777125 0.049500 0.074250